L=5 p=0.01 q=0.01 noise_model=phenomenological samples=65536
class bits count probability
    0 0000   36436 0.555969
    1 0001    5604 0.085510
    2 0010    5497 0.083878
    3 0011     837 0.012772
    4 0100    5475 0.083542
    5 0101    1395 0.021286
    6 0110     856 0.013062
    7 0111     222 0.003387
    8 1000    5431 0.082870
    9 1001     829 0.012650
   10 1010    1417 0.021622
   11 1011     228 0.003479
   12 1100     824 0.012573
   13 1101     208 0.003174
   14 1110     219 0.003342
   15 1111      58 0.000885
majority_class=0 majority_baseline=0.555969 entropy_bits=2.3491 max_entropy_bits=4.0000

L=7 p=0.01 q=0.01 noise_model=phenomenological samples=65536
class bits count probability
    0 0000   22420 0.342102
    1 0001    6742 0.102875
    2 0010    6685 0.102005
    3 0011    2022 0.030853
    4 0100    6697 0.102188
    5 0101    2462 0.037567
    6 0110    2053 0.031326
    7 0111     757 0.011551
    8 1000    6696 0.102173
    9 1001    2029 0.030960
   10 1010    2458 0.037506
   11 1011     760 0.011597
   12 1100    1920 0.029297
   13 1101     759 0.011581
   14 1110     822 0.012543
   15 1111     254 0.003876
majority_class=0 majority_baseline=0.342102 entropy_bits=3.1804 max_entropy_bits=4.0000

L=9 p=0.01 q=0.01 noise_model=phenomenological samples=65536
class bits count probability
    0 0000   13121 0.200211
    1 0001    6326 0.096527
    2 0010    6608 0.100830
    3 0011    3022 0.046112
    4 0100    6545 0.099869
    5 0101    3319 0.050644
    6 0110    3105 0.047379
    7 0111    1585 0.024185
    8 1000    6496 0.099121
    9 1001    3128 0.047729
   10 1010    3414 0.052094
   11 1011    1597 0.024368
   12 1100    3112 0.047485
   13 1101    1666 0.025421
   14 1110    1641 0.025040
   15 1111     851 0.012985
majority_class=0 majority_baseline=0.200211 entropy_bits=3.6675 max_entropy_bits=4.0000